[]
[]
[[49093713, 49174712], [49324713, 49346712], [49661713, 49699712]]
[]
[[49844713, 49897712]]
[[36962713, 37002712], [39289713, 39302712]]
[[27933713, 27973712]]
[[27949713, 27989712], [39289713, 39302712]]
[[17524713, 17571712], [20739713, 20789712], [26252713, 26270712], [27835713, 27910712], [27949713, 27973712]]
[[39289713, 39302712], [49686713, 49750712], [49807713, 49824712], [49868713, 49897712]]
[[39289713, 39302712]]
[[27835713, 27910712], [34153713, 34227712], [39289713, 39302712]]
[[17524713, 17600712], [20739713, 20789712], [36962713, 36998712], [39289713, 39302712]]
[[49662713, 49685712]]
[[17492713, 17571712], [19025713, 19130712], [20739713, 20789712], [21343713, 21364712]]
[[17524713, 17600712], [18951713, 19130712], [20739713, 20789712], [23586713, 23665712], [39289713, 39302712], [49324713, 49349712], [49439713, 49489712], [49660713, 49732712]]
[[17292713, 17340712], [17524713, 17600712], [21343713, 21364712], [22091713, 22253712], [37210713, 37245712], [39289713, 39302712]]
[[21423713, 21434712], [22091713, 22253712], [25226713, 25281712], [27835713, 27890712], [39289713, 39302712]]
[[19317713, 19556712], [22081713, 22095712], [39289713, 39302712], [49807713, 49824712], [50144713, 50348712]]
[[17524713, 17600712], [17996713, 18055712], [20195713, 20204712], [20739713, 20768712], [21343713, 21364712], [39289713, 39302712]]
[[20739713, 20789712], [21343713, 21364712], [36962713, 37002712]]
[[17492713, 17571712]]
[]
[[27976713, 27989712], [34153713, 34227712], [49324713, 49346712], [49660713, 49685712]]
[[27835713, 27865712], [49439713, 49507712], [49563713, 49592712], [49678713, 49717712]]
[[27933713, 27989712], [36962713, 37002712]]
[[20761713, 20789712], [21343713, 21364712], [22081713, 22091712]]
[]
[[17524713, 17600712], [49324713, 49346712]]
[[49324713, 49346712], [49494713, 49507712], [49660713, 49732712]]
[[17524713, 17600712], [19531713, 19556712], [20773713, 20789712], [22091713, 22253712], [25226713, 25281712]]
[]
[[17524713, 17571712], [19025713, 19130712], [20739713, 20789712], [21343713, 21364712], [22091713, 22253712], [26185713, 26270712], [28003713, 28020712], [49436713, 49507712], [49660713, 49700712], [49840713, 49882712]]
[[17524713, 17600712], [17996713, 18032712], [22091713, 22253712], [27776713, 27792712], [39289713, 39302712], [49705713, 49717712]]
[[39289713, 39302712]]
[[19025713, 19130712], [20766713, 20943712], [21343713, 21364712], [22091713, 22114712], [27886713, 27910712], [27949713, 27989712], [33610713, 33636712], [36962713, 37002712]]
[[39289713, 39302712]]
[[49439713, 49489712], [49840713, 49897712]]
[[34153713, 34227712]]
[[21343713, 21364712], [22252713, 22343712], [23586713, 23665712]]
[[22439713, 22532712], [34153713, 34225712], [39289713, 39302712], [49563713, 49650712], [49660713, 49685712], [49807713, 49824712]]
[[17292713, 17340712], [17524713, 17571712], [17996713, 18031712], [20195713, 20204712], [27835713, 27910712], [39289713, 39302712], [49324713, 49346712], [49707713, 49750712]]
[[49324713, 49346712], [49660713, 49732712]]
[[39289713, 39302712]]
[[17524713, 17571712], [21343713, 21364712], [22081713, 22095712], [33560713, 33611712], [34153713, 34227712], [39289713, 39302712]]
[[17524713, 17600712], [49156713, 49174712], [49204713, 49261712], [49660713, 49717712]]
[]
[]
[[17315713, 17340712], [20739713, 20789712], [21343713, 21364712], [22091713, 22253712], [27835713, 27910712], [34153713, 34227712], [36962713, 36998712], [37210713, 37245712], [39289713, 39302712]]
[[17524713, 17600712], [36962713, 37002712], [39289713, 39302712], [49086713, 49174712], [49207713, 49261712]]
[]
[[20739713, 20789712], [21343713, 21364712], [27835713, 27910712]]
[[20739713, 20789712], [21339713, 21364712], [22091713, 22253712], [23586713, 23665712], [27949713, 27989712], [37210713, 37245712], [39289713, 39302712], [49807713, 49837712]]
[[17292713, 17326712], [21343713, 21364712], [22081713, 22095712], [27835713, 27910712]]
[[17524713, 17571712], [20739713, 20789712], [21343713, 21364712], [22091713, 22253712]]
[[17524713, 17571712], [17996713, 18032712], [20739713, 20768712], [22002713, 22064712], [26213713, 26270712], [27776713, 27792712], [36962713, 37002712], [39289713, 39302712], [49324713, 49340712], [49660713, 49685712], [49692713, 49732712], [50497713, 50709712]]
[[17524713, 17571712], [19025713, 19131712], [49439713, 49446712], [49593713, 49650712], [49660713, 49686712], [49705713, 49751712]]
[[39289713, 39302712], [49324713, 49346712], [49439713, 49523712], [49660713, 49685712]]
[[17315713, 17340712], [17524713, 17571712], [19317713, 19556712], [20195713, 20204712], [20739713, 20789712], [21343713, 21364712], [22002713, 22092712], [37210713, 37245712], [39289713, 39302712], [49488713, 49529712], [49660713, 49685712]]
[[17996713, 18055712], [39289713, 39302712], [49678713, 49750712]]
[[17292713, 17327712], [17492713, 17571712], [20766713, 20943712], [22081713, 22253712], [39289713, 39302712], [49660713, 49685712], [49707713, 49750712]]
[[17524713, 17600712], [19317713, 19556712], [20739713, 20789712], [26185713, 26270712], [27776713, 27792712], [34153713, 34227712], [36962713, 36998712], [37210713, 37245712], [39289713, 39302712], [49324713, 49346712], [49439713, 49507712], [49678713, 49750712], [49844713, 49897712]]
[[27835713, 27910712], [33560713, 33611712], [34153713, 34227712]]
[[20739713, 20789712], [22091713, 22253712], [23586713, 23675712], [26174713, 26259712], [39289713, 39302712]]
[[22091713, 22253712], [27487713, 27520712], [49086713, 49174712], [49324713, 49346712], [49439713, 49507712], [49678713, 49750712]]
[[17492713, 17571712], [23586713, 23628712], [26944713, 26971712], [27949713, 27989712], [49494713, 49507712]]
[]
[[17292713, 17340712], [17524713, 17571712], [21343713, 21364712], [22091713, 22253712], [39289713, 39302712]]
[[17524713, 17600712], [20739713, 20789712], [22081713, 22094712], [27835713, 27910712], [49316713, 49346712], [49660713, 49717712]]
[[17524713, 17600712], [21343713, 21364712], [22091713, 22253712], [27835713, 27910712], [37210713, 37245712]]
[[27886713, 27910712], [49660713, 49685712]]
[[17524713, 17571712], [18951713, 19130712], [20739713, 20789712], [22091713, 22253712], [23586713, 23665712], [27836713, 27873712], [49678713, 49750712]]
[[17524713, 17571712], [20739713, 20789712], [21339713, 21364712], [22091713, 22253712], [26185713, 26270712], [27835713, 27906712], [27933713, 27989712], [49324713, 49346712], [49494713, 49507712], [49599713, 49650712], [49660713, 49685712], [49840713, 49897712]]
[[17524713, 17571712], [21423713, 21434712], [22091713, 22253712], [26174713, 26227712], [39289713, 39302712]]
[[17996713, 18032712], [21344713, 21364712], [21423713, 21434712], [22002713, 22343712]]
[[17524713, 17571712], [20739713, 20945712], [22002713, 22064712], [49086713, 49115712], [49660713, 49732712]]
[]
[[49660713, 49700712], [49928713, 50088712], [50144713, 50160712], [50648713, 50763712]]
[[17524713, 17600712], [20739713, 20789712], [22091713, 22253712], [23586713, 23665712]]
[[20739713, 20789712], [27933713, 27968712]]
[[17524713, 17571712], [20739713, 20789712], [22252713, 22343712], [49324713, 49346712], [49436713, 49529712], [49660713, 49685712]]
[[17492713, 17571712], [21343713, 21364712], [50738713, 50877712]]
[]
[[17492713, 17571712], [37210713, 37245712], [39289713, 39302712]]
[[17492713, 17571712], [20739713, 20789712], [23586713, 23665712], [27835713, 27896712], [27933713, 27989712], [49086713, 49174712], [49686713, 49750712]]
[[17315713, 17340712], [17524713, 17600712], [20739713, 20789712], [22081713, 22095712], [49439713, 49507712], [49705713, 49732712], [50497713, 50618712]]
[[17524713, 17600712], [33610713, 33636712], [39289713, 39302712], [49086713, 49115712], [49324713, 49349712], [49494713, 49507712], [49660713, 49685712], [49692713, 49717712]]
[[17524713, 17571712], [17996713, 18032712], [20766713, 20789712], [26174713, 26227712], [27949713, 27968712], [39289713, 39302712], [49928713, 49941712]]
[[17524713, 17571712], [20739713, 20768712], [21343713, 21364712], [22091713, 22253712], [27933713, 27968712], [39289713, 39302712], [49324713, 49346712], [49439713, 49507712]]
[[17524713, 17571712], [18951713, 19130712], [26185713, 26270712], [49439713, 49507712], [49707713, 49750712]]
[[20739713, 20943712]]
[[39289713, 39302712], [49660713, 49685712]]
[[22091713, 22253712], [23586713, 23646712], [26185713, 26270712], [27835713, 27910712], [33610713, 33655712]]
[[39289713, 39302712], [49324713, 49349712], [49659713, 49750712]]
[]
[[17292713, 17340712], [17524713, 17600712], [20739713, 20789712], [21343713, 21364712], [22091713, 22253712], [23586713, 23665712], [33610713, 33636712], [37210713, 37245712], [39289713, 39302712], [49086713, 49174712], [49207713, 49261712], [49807713, 49824712]]
[[49494713, 49507712], [49660713, 49750712]]
[[20739713, 20789712], [21343713, 21364712], [23586713, 23665712]]
[[49324713, 49349712], [49478713, 49529712], [49707713, 49750712]]
[]
[[49324713, 49349712]]
[[17207713, 17396712], [17524713, 17600712], [23586713, 23665712], [26185713, 26270712], [27776713, 27792712], [27859713, 27910712], [33610713, 33636712], [36962713, 37002712], [39289713, 39302712], [49439713, 49507712], [49840713, 49882712]]
[[17524713, 17600712], [17996713, 18055712], [49324713, 49346712], [49444713, 49507712], [49660713, 49726712]]
[[19025713, 19130712], [20739713, 20789712], [23604713, 23665712], [27933713, 27973712], [50497713, 50709712]]
[[36962713, 37002712], [39289713, 39302712], [49324713, 49346712]]
[[39289713, 39302712], [49436713, 49523712]]
[[27835713, 27869712], [27872713, 27910712], [33560713, 33618712], [39289713, 39302712]]
[[49093713, 49174712], [49324713, 49346712]]
[]
[[49439713, 49507712], [49563713, 49592712], [49660713, 49732712]]
[[17315713, 17340712], [17524713, 17571712], [36962713, 37002712], [39289713, 39302712], [49324713, 49349712], [49494713, 49507712]]
[[17315713, 17396712], [17524713, 17571712], [20739713, 20789712], [39289713, 39302712], [49593713, 49650712], [49660713, 49685712]]
[[17524713, 17571712], [19317713, 19556712], [20739713, 20789712], [22091713, 22253712], [27835713, 27910712], [36962713, 37002712]]
[[17492713, 17571712], [21343713, 21364712], [22091713, 22253712], [26185713, 26270712], [27776713, 27792712], [39289713, 39302712], [49928713, 49987712]]
[[17292713, 17340712], [17524713, 17600712], [21999713, 22064712], [26244713, 26270712], [27835713, 27910712]]
[[39289713, 39302712], [49324713, 49346712], [49660713, 49685712]]
[[17524713, 17600712], [20739713, 20789712], [32334713, 32585712], [36962713, 36998712], [39289713, 39302712]]
[[26185713, 26270712], [27933713, 27989712], [39289713, 39302712]]
[]
[[20195713, 20204712], [20776713, 20927712], [22091713, 22253712], [27835713, 27910712], [36962713, 37002712], [39289713, 39302712], [49156713, 49174712], [49324713, 49346712], [49494713, 49507712], [49844713, 49897712]]
[[17588713, 17603712], [27933713, 27989712], [36978713, 37002712], [49439713, 49489712], [49662713, 49717712], [49928713, 50062712]]
[[17524713, 17600712], [19025713, 19130712], [20739713, 20789712], [26185713, 26270712]]
[]
[[17588713, 17600712], [23566713, 23675712]]
[[17524713, 17571712], [18951713, 19130712], [49660713, 49750712]]
[]
[[19025713, 19130712], [20739713, 20762712], [20973713, 20994712], [21343713, 21364712], [22091713, 22253712], [27487713, 27520712], [36962713, 37002712], [39289713, 39302712], [48719713, 48729712], [49093713, 49115712], [49563713, 49589712]]
[[39289713, 39302712], [49324713, 49346712], [49439713, 49529712], [49678713, 49717712]]
