[[27657713, 27674712], [32849713, 32895712], [38107713, 38221712], [48695713, 48702712], [49310713, 49363712], [49723713, 49751712], [50121713, 50344712], [50940713, 50974712]]
[[17746713, 17810712], [36962713, 37002712], [39289713, 39302712], [49204713, 49261712], [49316713, 49340712], [49362713, 49374712], [50121713, 50164712]]
[[32672713, 32724712]]
[[17491713, 17571712], [26780713, 26787712], [28003713, 28032712], [32672713, 32821712], [39289713, 39302712], [49086713, 49104712], [49436713, 49489712], [49563713, 49592712]]
[[21423713, 21434712], [25150713, 25196712], [39289713, 39302712], [49439713, 49507712]]
[[17491713, 17623712], [49660713, 49751712]]
[[17491713, 17571712], [32849713, 32895712], [39289713, 39302712], [49091713, 49115712]]
[[49362713, 49378712], [50468713, 50487712]]
[[49362713, 49524712]]
[[17292713, 17340712], [17799713, 17810712], [25720713, 25802712], [27342713, 27365712], [48695713, 48702712], [49016713, 49076712], [49639713, 49642712]]
[[17593713, 17638712], [20156713, 20212712], [49583713, 49589712]]
[[49023713, 49056712], [49086713, 49115712], [49277713, 49283712], [50162713, 50349712]]
[]
[[27886713, 27896712], [39289713, 39302712], [49439713, 49507712]]
[[28014713, 28032712], [32672713, 32724712], [39289713, 39302712]]
[]
[[48695713, 48700712], [49660713, 49691712], [49866713, 49909712]]
[[19300713, 19514712], [49436713, 49553712], [51039713, 51066712]]
[[26174713, 26270712], [27342713, 27365712], [32870713, 32895712]]
[[28003713, 28032712], [32849713, 32895712], [34400713, 34494712], [49109713, 49174712], [49310713, 49317712], [49526713, 49553712], [49593713, 49650712], [49660713, 49685712]]
[[30791713, 30917712], [30949713, 30953712], [48695713, 48702712], [49023713, 49094712], [49599713, 49636712], [49928713, 49997712]]
[[27487713, 27520712], [28003713, 28020712], [32675713, 32895712], [48695713, 48702712], [49263713, 49301712]]
[[17996713, 18055712], [19531713, 19593712], [34433713, 34848712], [48608713, 48634712], [49526713, 49553712], [49662713, 49685712], [49807713, 49837712], [50151713, 50349712]]
[[26213713, 26270712], [49583713, 49589712]]
[[36962713, 37002712]]
[[17292713, 17340712], [20195713, 20204712], [33560713, 33636712], [33899713, 33929712], [34222713, 34227712], [49204713, 49261712], [49526713, 49553712]]
[[32870713, 32895712], [48695713, 48702712], [49538713, 49553712], [49689713, 49699712], [49758713, 49800712], [49928713, 50062712], [51039713, 51066712]]
[[39289713, 39302712]]
[[32668713, 32821712], [39289713, 39302712]]
[[18249713, 18260712], [27342713, 27365712], [31444713, 31527712], [35359713, 35372712]]
[[49538713, 49553712]]
[[17799713, 17810712], [19300713, 19514712], [32668713, 32724712], [44323713, 44408712], [49091713, 49115712], [49533713, 49553712]]
[[44323713, 44408712], [49207713, 49262712]]
[[49204713, 49301712], [49538713, 49553712]]
[[27617713, 27639712]]
[[38107713, 38208712]]
[[48608713, 48634712], [49008713, 49076712], [49204713, 49261712], [49324713, 49378712], [49686713, 49732712], [50121713, 50349712]]
[[17491713, 17571712], [32668713, 32821712]]
[[17491713, 17571712], [32668713, 32741712], [49016713, 49033712], [49097713, 49150712], [49204713, 49261712], [49277713, 49283712], [49662713, 49685712], [49928713, 50062712]]
[[39289713, 39302712], [49526713, 49553712], [49692713, 49700712], [49707713, 49750712]]
[[26213713, 26270712], [48957713, 48969712]]
[[17792713, 17810712]]
[[17524713, 17571712], [22804713, 22877712], [27359713, 27365712], [39289713, 39302712], [44323713, 44408712]]
[[22804713, 22871712], [25952713, 26081712], [27342713, 27365712], [48608713, 48634712], [49008713, 49069712], [49439713, 49507712], [50145713, 50204712]]
[[48597713, 48604712], [49538713, 49553712], [50455713, 50487712]]
[[32849713, 32895712], [39289713, 39302712]]
[[17491713, 17571712], [49660713, 49666712]]
[[17395713, 17568712], [17996713, 18050712], [26749713, 26760712], [30872713, 30917712], [49008713, 49046712], [49707713, 49728712]]
[[49662713, 49751712]]
[[22081713, 22343712], [25237713, 25281712], [27342713, 27365712], [28000713, 28032712], [34816713, 34848712]]
[[17996713, 18055712], [18249713, 18260712], [19766713, 19815712], [27657713, 27674712], [34120713, 34229712], [48608713, 48634712], [49310713, 49354712], [49526713, 49553712], [51039713, 51066712]]
[[33610713, 33636712], [33899713, 33936712], [44323713, 44408712], [49008713, 49069712], [49086713, 49174712], [49204713, 49234712], [49324713, 49363712], [49526713, 49553712]]
[]
[]
[[37378713, 37491712], [49723713, 49751712]]
[[50356713, 50364777], [50414777, 50487712]]
[[22804713, 22877712], [27342713, 27365712], [39289713, 39302712]]
[[17524713, 17571712]]
[]
[[20776713, 20943712], [36655713, 36663712]]
[]
[]
[[22804713, 22877712], [49231713, 49261712], [49536713, 49553712], [49563713, 49592712]]
[[33276713, 33324712], [36756713, 36942712], [49324713, 49363712]]
[[17315713, 17340712], [17466713, 17568712], [27976713, 28032712], [39289713, 39302712]]
[[20195713, 20204712], [27342713, 27363712], [32672713, 32854712], [39289713, 39302712]]
[[17996713, 18055712], [19289713, 19389712], [27342713, 27365712], [39289713, 39302712], [49362713, 49371712], [49866713, 49888712]]
[[27933713, 27939712], [28004713, 28020712], [49662713, 49750712]]
[]
[[49533713, 49551712]]
[[17292713, 17340712], [21423713, 21434712]]
[[50356713, 50364777], [50414777, 50709712]]
[[32770713, 32821712], [34520713, 34553712], [39289713, 39302712], [50356713, 50364777], [50414777, 50709712]]
[[49538713, 49553712], [49563713, 49592712], [50145713, 50349712]]
[[19154713, 19514712], [23952713, 24059712], [27976713, 28005712], [34116713, 34146712], [39289713, 39302712]]
[[17615713, 17638712], [39289713, 39302712], [50468713, 50487712]]
[[17799713, 17810712], [17996713, 18055712], [26213713, 26270712], [27949713, 28033712], [32956713, 32990712], [49277713, 49283712], [49563713, 49592712]]
[[18249713, 18260712], [26282713, 26325712], [50471713, 50648712]]
[[36609713, 36624712], [49458713, 49507712]]
[[39289713, 39302712], [48695713, 48700712], [49660713, 49691712], [49866713, 49909712]]
[[27342713, 27365712], [39289713, 39302712]]
[[34120713, 34157712], [49016713, 49074712], [49397713, 49416712], [49689713, 49699712]]
[[19650713, 19653712], [27617713, 27639712], [27714713, 27824712], [27969713, 27989712], [32736713, 32821712], [34120713, 34227712], [38107713, 38193712]]
[]
[[39289713, 39302712]]
[]
[[20195713, 20204712], [26174713, 26259712]]
[[27342713, 27365712]]
[[26174713, 26270712], [49660713, 49751712], [50057713, 50062712], [50454713, 50487712]]
[[26023713, 26160712], [32838713, 32895712], [39289713, 39302712]]
[[19300713, 19514712], [32923713, 32951712], [33560713, 33636712], [37949713, 37969712], [39289713, 39302712], [49436713, 49553712]]
[[28003713, 28032712], [48695713, 48699712], [49204713, 49261712], [49316713, 49340712], [49362713, 49374712], [49494713, 49507712]]
[[17292713, 17340712], [50483713, 50487712]]
[[17466713, 17571712], [17799713, 17810712]]
[[19531713, 19593712], [49538713, 49553712]]
[]
[[17799713, 17810712]]
[[44323713, 44408712], [49277713, 49316712], [49533713, 49556712], [49686713, 49717712]]
[[17292713, 17340712], [39289713, 39302712]]
[[17524713, 17571712], [19639713, 19653712], [20195713, 20204712], [39289713, 39302712], [49293713, 49317712], [49362713, 49378712], [49397713, 49489712], [49593713, 49650712]]
[[37378713, 37474712], [49439713, 49507712], [49660713, 49750712]]
[[48608713, 48634712]]
[[20173713, 20207712]]
[[48608713, 48634712], [49062713, 49104712], [49279713, 49354712], [50356713, 50364777], [50414777, 50487712]]
[]
[[17466713, 17571712], [33560713, 33636712]]
[[36962713, 37002712], [49263713, 49301712], [49662713, 49699712]]
[[37438713, 37461712], [49538713, 49553712], [49692713, 49700712]]
[[17996713, 18055712], [27342713, 27365712], [34778713, 34848712], [35345713, 35378712], [49097713, 49146712], [49526713, 49553712], [50247713, 50344712]]
[[19452713, 19556712], [32849713, 32895712], [35359713, 35372712], [48695713, 48702712]]
[]
[]
[[26213713, 26270712], [49526713, 49553712], [49697713, 49732712], [49866713, 49909712], [51039713, 51066712]]
[[49277713, 49354712], [49362713, 49378712], [49662713, 49751712]]
[[22064713, 22343712], [32736713, 32821712], [34153713, 34225712], [39289713, 39302712], [48695713, 48702712], [49032713, 49056712], [49324713, 49371712], [49678713, 49700712], [50468713, 50487712]]
[[28003713, 28020712], [35359713, 35372712], [36962713, 37002712]]
[]
[[22804713, 22871712], [25150713, 25196712], [32871713, 32895712]]
[[17524713, 17571712], [36962713, 37002712]]
[[49583713, 49589712]]
[[17799713, 17810712], [48958713, 48969712], [49207713, 49261712]]
[[27968713, 27989712], [32334713, 32585712], [34120713, 34227712]]
[[21457713, 22000712], [27342713, 27365712], [32672713, 32821712], [48608713, 48634712], [49204713, 49261712], [49563713, 49592712], [50329713, 50344712], [50468713, 50487712]]
[[20195713, 20204712], [23432713, 23542712], [27695713, 27725712], [32672713, 32821712], [32956713, 32990712], [49277713, 49283712], [49362713, 49472712], [49563713, 49592712]]
[[39289713, 39302712]]
[[49016713, 49076712], [49310713, 49317712], [49758713, 49793712], [49928713, 50062712]]
[[17292713, 17340712], [34120713, 34227712], [48964713, 48969712]]
[[17492713, 17571712], [32870713, 32895712], [33669713, 33690712]]
